image: Kamera_Aufnahme.pgm
resolution: 0.050000
origin: [-6.964375, -2.618103, 0.000000]
negate: 0
occupied_thresh: 0.65
free_thresh: 0.196

